[ID]
3577
/*Effect*/
//Popping
-
50001, 415, 1, 431, 17
50002, 433, 1, 449, 17
50003, 451, 1, 467, 17
50004, 469, 1, 485, 17
50009, 0, 50
-
50005, 415, 19, 431, 35, 180
50006, 433, 19, 449, 35, 180
50007, 451, 19, 467, 35, 180
50008, 469, 19, 485, 35, 180
50010, 0, 50
//Rubbish
-
51001, 366, 4, 374, 13
51009, 0
-
51002, 366, 4, 374 13, 180
51010, 0
/*Fireball*/
//Normal left
-
10001, 245, 302, 253, 318
10002, 255, 302, 263, 318
10003, 265, 302, 273, 318
10004, 275, 302, 283, 318
10009, 0
//Normal right
-
10005, 245, 302, 253, 318, 180
10006, 255, 302, 263, 318, 180
10007, 265, 302, 273, 318, 180
10008, 275, 302, 283, 318, 180
10010, 0
//Dungeon left
-
20001, 285, 302, 293, 318
20002, 295, 302, 303, 318
20003, 305, 302, 313, 318
20004, 315, 302, 323, 318
20009, 0
//Dungeon right
-
20005, 285, 302, 293, 318, 180
20006, 295, 302, 303, 318, 180
20007, 305, 302, 313, 318, 180
20008, 315, 302, 323, 318, 180
20010, 0
//Toadhouse left
-
30001, 325, 302, 333, 318
30002, 335, 302, 343, 318
30003, 345, 302, 353, 318
30004, 355, 302, 363, 318
30009, 0
//Toadhouse right
-
30005, 325, 302, 333, 318, 180
30006, 335, 302, 343, 318, 180
30007, 345, 302, 353, 318, 180
30008, 355, 302, 363, 318, 180
30010, 0
/*Hammer*/
//Left
-
40001, 245, 698, 253, 714
40002, 255, 698, 263, 714
40003, 265, 698, 273, 714
40004, 275, 698, 283, 714
40009, 0
//Right
-
40005, 245, 698, 253, 714, 180
40006, 255, 698, 263, 714, 180
40007, 265, 698, 273, 714, 180
40008, 275, 698, 283, 714, 180
40010, 0
End