[ID]
7791
/*Groomba Brown*/
//Move Left
-
100001, 1, 66, 17, 82
100002, 17, 66, 33, 82
100009, 0
//Move Right
-
100002, 17, 66, 33, 82
100001, 1, 66, 17, 82
100010, 0
//Die
-
100080, 33, 66, 49, 82
//Die Inverse
-
100081, 1, 66, 17, 82, 90
-
100082, 17, 66, 33, 82, 90
/*Groomba Red*/
//Move Left
-
200001, 49, 66, 65, 82
200002, 65, 66, 81, 82
200009, 0
//Move Right
-
200002, 65, 66, 81, 82
200001, 49, 66, 65, 82
200010, 0
//Move Left Wing
-
200003, 1, 153, 23, 170
200004, 23, 153, 45, 170
200016, 0
//Move Right Wing
-
200004, 23, 153, 45, 170
200003, 1, 153, 23, 170
200017, 0
//Move Jump Wing
-
200005, 45, 149, 67, 170
200004, 23, 153, 45, 170
200006, 67, 149, 89, 170
200003, 1, 153, 23, 170
200018, 0
//Die
-
200080, 81, 66, 97, 82
//Die Inverse
-
200081, 49, 66, 65, 82, 90
-
200082, 65, 66, 81, 82, 90
/*Koopas Green*/
//Move Left
-
300001, 1, 2, 17, 30
300002, 17, 2, 33, 30
300009, 0
//Move Right
-
300003, 1, 2, 17, 30, 180
300004, 17, 2, 33, 30, 180
300010, 0
//Move Left Wing
-
300009, 1, 171, 17, 198
300010, 17, 171, 33, 198
300016, 0
//Move Right Wing
-
300011, 1, 171, 17, 198, 180
300012, 17, 171, 33, 198, 180
300017, 0
//Immobilize
-
300005, 33, 0,  49, 16
300011, 0
//Rolling
-
300005, 33, 0,  49, 16
300006, 49, 0,  65, 16
300007, 65, 0,  81, 16
300008, 81, 0,  97, 16
300012, 0, 20
//Comeback
-
300014, 33, 16,  49, 32
300014, 33, 16,  49, 32
300014, 33, 16,  49, 32
300014, 33, 16,  49, 32
300005, 33, 0,  49, 16
300005, 33, 0,  49, 16
300005, 33, 0,  49, 16
300005, 33, 0,  49, 16
300014, 33, 16,  49, 32
300014, 33, 16,  49, 32
300014, 33, 16,  49, 32
300014, 33, 16,  49, 32
300005, 33, 0,  49, 16
300005, 33, 0,  49, 16
300005, 33, 0,  49, 16
300005, 33, 0,  49, 16
300014, 33, 16,  49, 32
300005, 33, 0,  49, 16
300014, 33, 16,  49, 32
300005, 33, 0,  49, 16
300014, 33, 16,  49, 32
300005, 33, 0,  49, 16
300014, 33, 16,  49, 32
300005, 33, 0,  49, 16
300014, 33, 16,  49, 32
300005, 33, 0,  49, 16
300014, 33, 16,  49, 32
300005, 33, 0,  49, 16
300013, 0, 20
//Die Inverse
-
300081, 33, 0,  49, 16, 90
-
300082, 33, 0,  49, 16, 90
/*Koopas Red*/
//Move Left
-
400001, 1, 35, 17, 63
400002, 17, 35, 33, 63
400009, 0
//Move Right
-
400003, 1, 35, 17, 63, 180
400004, 17, 35, 33, 63, 180
400010, 0
//Immobilize
-
400005, 33, 33,  49, 49
400011, 0
//Rolling
-
400005, 33, 33,  49, 49
400006, 49, 33,  65, 49
400007, 65, 33,  81, 49
400008, 81, 33,  97, 49
400012, 0, 20
//Comeback
-
400014, 33, 49,  49, 65
400014, 33, 49,  49, 65
400014, 33, 49,  49, 65
400014, 33, 49,  49, 65
400005, 33, 33,  49, 49
400005, 33, 33,  49, 49
400005, 33, 33,  49, 49
400005, 33, 33,  49, 49
400014, 33, 49,  49, 65
400014, 33, 49,  49, 65
400014, 33, 49,  49, 65
400014, 33, 49,  49, 65
400005, 33, 33,  49, 49
400005, 33, 33,  49, 49
400005, 33, 33,  49, 49
400005, 33, 33,  49, 49
400014, 33, 49,  49, 65
400005, 33, 33,  49, 49
400014, 33, 49,  49, 65
400005, 33, 33,  49, 49
400014, 33, 49,  49, 65
400005, 33, 33,  49, 49
400014, 33, 49,  49, 65
400005, 33, 33,  49, 49
400014, 33, 49,  49, 65
400005, 33, 33,  49, 49
400014, 33, 49,  49, 65
400005, 33, 33,  49, 49
400013, 0, 20
//Die Inverse
-
400081, 33, 33,  49, 49, 90
-
400082, 33, 33,  49, 49, 90
/*Piranha Plant*/
//Move Left
-
500001, 1, 83, 17, 107
500002, 17, 83, 33, 107
500009, 0
End