/*Groomba*/
//Move
100001, 1, 66, 17, 82
100002, 17, 66, 33, 82
//Die
//Stomp
100080, 33, 66, 49, 82
//Hit
100081, 1, 66, 17, 82, 90
100082, 17, 66, 33, 82, 90
/*Koopas*/
//Move
//Left
200001, 1, 2, 17, 30, 0, 0, -10
200002, 17, 2, 33, 30, 0, 0, -11
//Right
200003, 1, 2, 17, 30, 180, 0, -10
200004, 17, 2, 33, 30, 180, 0, -11
//Shell
200005, 33, 0,  49, 16
200006, 49, 0,  65, 16
200007, 65, 0,  81, 16
200008, 81, 0,  97, 16
200014, 33, 16,  49, 32
//Die
//Hit
200081, 33, 0,  49, 16, 90
200082, 33, 0,  49, 16, 90
