//////////////////////////
//Small Mario//
/////////////////////////
//Idle
1101, 1, 16, 17, 32
1102, 1, 16, 17, 32, 180
//Walking
1103, 19, 16, 35, 32
1104, 19, 16, 35, 32, 180
//Running
1109, 55, 16, 71, 32
1110, 73, 16, 89, 32
1111, 55, 16, 71, 32, 180
1112, 73, 16, 89, 32, 180
//Jumping
1115, 37, 16, 53, 32
1116, 91, 16, 107, 32
1117, 37, 16, 53, 32, 180
1118, 91, 16, 107, 32, 180
//Break
1119, 109, 16, 125, 32
1120, 109, 16, 125, 32, 180
//Transport
1123, 127, 16, 143, 32
//Hold
1124, 145, 16, 161, 32
1125, 163, 16, 179, 32
1126, 145, 16, 161, 32, 180
1127, 163, 16, 179, 32, 180
//Kick
1130, 181, 16, 197, 32
1131, 181, 16, 197, 32, 180
//Swim
1132, 217, 16, 233, 32
1133, 235, 16, 251, 32
1134, 253, 16, 269, 32
1135, 271, 16, 287, 32
1136, 217, 16, 233, 32, 180
1137, 235, 16, 251, 32, 180
1138, 253, 16, 269, 32, 180
1139, 271, 16, 287, 32, 180
1140, 289, 16, 305, 32
1141, 289, 16, 305, 32, 180
//Slide
1158, 199, 16, 215, 32
1159, 199, 16, 215, 32, 180
//Idle Transition
1161, 1, 16, 17, 32, 0, 0, 16
1162, 1, 16, 17, 32, 180, 0, 16
//Die
1800, 307, 16, 323, 32
/////////////
//Big Mario//
/////////////
//Idle
1201, 1, 88, 17, 120
1202, 1, 88, 17, 120, 180
//Walking
1203, 1, 88, 17, 120
1204, 19, 88, 35, 120
1205, 37, 88, 53, 120
1206, 1, 88, 17, 120, 180
1207, 19, 88, 35, 120, 180
1208, 37, 88, 53, 120, 180
//Running
1209, 91, 88, 115, 120
1210, 117, 88, 141, 120
1211, 143, 88, 167, 120
1212, 91, 88, 115, 120, 180, -7
1213, 117, 88, 141, 120, 180, -7
1214, 143, 88, 167, 120, 180, -7
//Jumping
1215, 73, 88, 89, 120
1216, 169, 88, 193, 120
1217, 73, 88, 89, 120, 180
1218, 169, 88, 193, 120, 180, -7
//Break
1219, 195, 88, 211, 120
1220, 195, 88, 211, 120, 180
//Duck
1221, 55, 96, 71, 120
1222, 55, 96, 71, 120, 180
//Transport
1223, 213, 88, 229, 120
//Hold
1224, 249, 88, 265, 120
1225, 267, 88, 283, 120
1226, 285, 88, 301, 120
1227, 249, 88, 265, 120, 180
1228, 267, 88, 283, 120, 180
1229, 285, 88, 301, 120, 180
//Kick
1230, 303, 88, 327, 120, 0, -7
1231, 303, 88, 327, 120, 180
//Swim
1232, 347, 88, 371, 120
1233, 373, 88, 397, 120
1234, 399, 88, 423, 120
1235, 425, 88, 449, 120
1236, 347, 88, 371, 120, 180
1237, 373, 88, 397, 120, 180
1238, 399, 88, 423, 120, 180
1239, 425, 88, 449, 120, 180
1240, 451, 88, 467, 120
1241, 451, 88, 467, 120, 180
//Barrel Roll
1242, 1, 122, 25, 154
1243, 27, 122, 51, 154
1244, 53, 122, 77, 154
1245, 79, 122, 103, 154
1246, 105, 122, 129, 154
1247, 131, 122, 155, 154
1248, 157, 122, 181, 154
1249, 183, 122, 207, 154
1250, 1, 122, 25, 154, 180
1251, 27, 122, 51, 154, 180
1252, 53, 122, 77, 154, 180
1253, 79, 122, 103, 154, 180
1254, 105, 122, 129, 154, 180
1255, 131, 122, 155, 154, 180
1256, 157, 122, 181, 154, 180
1257, 183, 122, 207, 154, 180
//Slide
1258, 329, 88, 345, 120
1259, 329, 88, 345, 120, 180
//Transition
//Small To Big
1279, 209, 130, 225, 154, 0, 0, -8
1280, 209, 130, 225, 154, 180, 0, -8
//Big To Small
1291, 209, 130, 225, 154, 0, 0, 8
1292, 209, 130, 225, 154, 180, 0, 8
//Idle Transition
1261, 1, 88, 17, 120, 0, 0, -16
1262, 1, 88, 17, 120, 180, 0, -16
//Title Screen
1281, 425, 122, 449, 146
1282, 451, 122, 467, 154
////////////////////
//Fire Mario//
///////////////////
//Idle
1301, 1, 260, 17, 292
1302, 1, 260, 17, 292, 180
//Walking
1303, 1, 260, 17, 292
1304, 19, 260, 35, 292
1305, 37, 260, 53, 292
1306, 1, 260, 17, 292, 180
1307, 19, 260, 35, 292, 180
1308, 37, 260, 53, 292, 180
//Running
1309, 91, 260, 115, 292
1310, 117, 260, 141, 292
1311, 143, 260, 167, 292
1312, 91, 260, 115, 292, 180, -7
1313, 117, 260, 141, 292, 180, -7
1314, 143, 260, 167, 292, 180, -7
//Jumping
1315, 73, 260, 89, 292
1316, 169, 260, 193, 292
1317, 73, 260, 89, 292, 180
1318, 169, 260, 193, 292, 180, -7
//Break
1319, 195, 260, 211, 292
1320, 195, 260, 211, 292, 180
//Duck
1321, 55, 268, 71, 292
1322, 55, 268, 71, 292, 180
//Transport
1323, 213, 260, 229, 292
//Hold
1324, 249, 260, 265, 292
1325, 267, 260, 283, 292
1326, 285, 260, 301, 292
1327, 249, 260, 265, 292, 180
1328, 267, 260, 283, 292, 180
1329, 285, 260, 301, 292, 180
//Kick
1330, 303, 260, 327, 292, 0, -7
1331, 303, 260, 327, 292, 180
//Swim
1332, 347, 260, 371, 292
1333, 373, 260, 397, 292
1334, 399, 260, 423, 292
1335, 425, 260, 449, 292
1336, 347, 260, 371, 292, 180
1337, 373, 260, 397, 292, 180
1338, 399, 260, 423, 292, 180
1339, 425, 260, 449, 292, 180
1340, 451, 260, 467, 292
1341, 451, 260, 467, 292, 180
//Barrel Roll
1342, 1, 294, 25, 326
1343, 27, 294, 51, 326
1344, 53, 294, 77, 326
1345, 79, 294, 103, 326
1346, 105, 294, 129, 326
1347, 131, 294, 155, 326
1348, 157, 294, 181, 326
1349, 183, 294, 207, 326
1350, 1, 294, 25, 326, 180
1351, 27, 294, 51, 326, 180
1352, 53, 294, 77, 326, 180
1353, 79, 294, 103, 326, 180
1354, 105, 294, 129, 326, 180
1355, 131, 294, 155, 326, 180
1356, 157, 294, 181, 326, 180
1357, 183, 294, 207, 326, 180
//Slide
1358, 329, 260, 345, 292
1359, 329, 260, 345, 292, 180
//Attack
1368, 209, 294, 225, 326
1369, 227, 294, 243, 326
1370, 209, 294, 225, 326, 180
1371, 227, 294, 243, 326, 180
///////////////////////////
//Raccoon Mario//
//////////////////////////
//Idle
1401, 1, 346, 25, 378
1402, 1, 346, 25, 378, 180, -8
//Walking
1403, 1, 346, 25, 378
1404, 27, 346, 51, 378
1405, 53, 346, 77, 378
1406, 1, 346, 25, 378, 180, -8
1407, 27, 346, 51, 378, 180, -8
1408, 53, 346, 77, 378, 180, -8
//Running
1409, 183, 346, 207, 378
1410, 209, 346, 233, 378
1411, 235, 346, 259, 378
1412, 183, 346, 207, 378, 180, -7
1413, 209, 346, 233, 378, 180, -7
1414, 235, 346, 259, 378, 180, -7
//Jumping
1415, 105, 346, 129, 378
1460, 131, 346, 155, 378
1461, 157, 346, 181, 378
1416, 261, 346, 285, 378
1462, 287, 346, 311, 378
1463, 313, 346, 337, 378
1417, 105, 346, 129, 378, 180, -7
1464, 131, 346, 155, 378, 180, -7
1465, 157, 346, 181, 378, 180, -7
1418, 261, 346, 285, 378, 180, -7
1466, 287, 346, 311, 378, 180, -7
1467, 313, 346, 337, 378, 180, -7
//Break
1419, 339, 346, 355, 378
1420, 339, 346, 355, 378, 180
//Duck
1421, 79, 354, 103, 378
1422, 79, 354, 103, 378, 180, -7
//Transport
1423, 357, 346, 373, 378
//Hold
1424, 1, 380, 25, 412
1425, 27, 380, 51, 412
1426, 53, 380, 77, 412
1427, 1, 380, 25, 412, 180, -7
1428, 27, 380, 51, 412, 180, -7
1429, 53, 380, 77, 412, 180, -7
//Kick
1430, 79, 380, 103, 412, 0, -7
1431, 79, 380, 103, 412, 180
//Swim
1432, 123, 380, 147, 412
1433, 149, 380, 173, 412
1434, 175, 380, 199, 412
1435, 201, 380, 225, 412
1436, 123, 380, 147, 412, 180
1437, 149, 380, 173, 412, 180
1438, 175, 380, 199, 412, 180
1439, 201, 380, 225, 412, 180
1440, 227, 88, 243, 120
1441, 227, 88, 243, 120, 180
//Barrel Roll
1442, 245, 380, 269, 412
1443, 271, 380, 295, 412
1444, 297, 380, 321, 412
1445, 323, 380, 347, 412
1446, 349, 380, 373, 412
1447, 375, 380, 399, 412
1448, 401, 380, 425, 412
1449, 427, 380, 451, 412
1450, 245, 380, 269, 412, 180
1451, 271, 380, 295, 412, 180
1452, 297, 380, 321, 412, 180
1453, 323, 380, 347, 412, 180
1454, 349, 380, 373, 412, 180
1455, 375, 380, 399, 412, 180
1456, 401, 380, 425, 412, 180
1457, 427, 380, 451, 412, 180
//Slide
1458, 105, 380, 121, 412
1459, 105, 380, 121, 412, 180
//Attack
1468, 375, 346, 399, 378
1469, 375, 346, 399, 378, 180, -8
1470, 357, 346, 373, 378
1471, 401, 346, 417, 378
/////////////////////
//Frog Mario//
////////////////////
//Idle
1501, 1, 518, 25, 550
1502, 1, 518, 25, 550, 180, -5
//Jumping
1515, 27, 518, 51, 550
1516, 53, 518, 77, 550
1517, 27, 518, 51, 550, 180, -5
1518, 53, 518, 77, 550, 180, -5
//Transport
1523, 79, 518, 95, 550
//Hold
1524, 133, 518, 149, 550
1525, 151, 518, 167, 550
1526, 169, 518, 185, 550
1527, 133, 518, 149, 550, 180
1528, 151, 518, 167, 550, 180
1529, 169, 518, 185, 550, 180
//Kick
1530, 187, 518, 211, 550, 0, -7
1531, 187, 518, 211, 550, 180
//Swim
1532, 321, 518, 345, 550
1533, 347, 518, 371, 550
1534, 373, 518, 397, 550
1535, 399, 518, 423, 550
1536, 425, 518, 449, 550
1537, 321, 518, 345, 550, 180
1538, 347, 518, 371, 550, 180
1539, 373, 518, 397, 550, 180
1540, 399, 518, 423, 550, 180
1541, 425, 518, 449, 550, 180
1542, 213, 518, 229, 550
1543, 231, 518, 247, 550
1544, 249, 518, 265, 550
1545, 267, 518, 283, 550
1546, 285, 518, 301, 550
1547, 303, 518, 319, 550
////////////////////////
//Tanuki Mario//
///////////////////////
//Idle
1601, 1, 570, 25, 602
1602, 1, 570, 25, 602, 180, -8
//Walking
1603, 1, 570, 25, 602
1604, 27, 570, 51, 602
1605, 53, 570, 77, 602
1606, 1, 570, 25, 602, 180, -8
1607, 27, 570, 51, 602, 180, -8
1608, 53, 570, 77, 602, 180, -8
//Running
1609, 183, 570, 207, 602
1610, 209, 570, 233, 602
1611, 235, 570, 259, 602
1612, 183, 570, 207, 602, 180, -7
1613, 209, 570, 233, 602, 180, -7
1614, 235, 570, 259, 602, 180, -7
//Jumping
1615, 105, 570, 129, 602
1660, 131, 570, 155, 602
1661, 157, 570, 181, 602
1616, 261, 570, 285, 602
1662, 287, 570, 311, 602
1663, 313, 570, 337, 602
1617, 105, 570, 129, 602, 180, -7
1664, 131, 570, 155, 602, 180, -7
1665, 157, 570, 181, 602, 180, -7
1618, 261, 570, 285, 602, 180, -7
1666, 287, 570, 311, 602, 180, -7
1667, 313, 570, 337, 602, 180, -7
//Break
1619, 339, 570, 355, 602
1620, 339, 570, 355, 602, 180
//Duck
1621, 79, 578, 103, 602
1622, 79, 578, 103, 602, 180, -8
//Transport
1623, 357, 570, 373, 602
//Hold
1624, 1, 604, 25, 636
1625, 27, 604, 51, 636
1626, 53, 604, 77, 636
1627, 1, 604, 25, 636, 180, -7
1628, 27, 604, 51, 636, 180, -7
1629, 53, 604, 77, 636, 180, -7
//Kick
1630, 79, 604, 103, 636, 0, -7
1631, 79, 604, 103, 636, 180
//Swim
1632, 123, 604, 147, 636
1633, 149, 604, 173, 636
1634, 175, 604, 199, 636
1635, 201, 604, 225, 636
1636, 123, 604, 147, 636, 180
1637, 149, 604, 173, 636, 180
1638, 175, 604, 199, 636, 180
1639, 201, 604, 225, 636, 180
1640, 227, 312, 243, 344
1641, 227, 312, 243, 344, 180
//Barrel Roll
1642, 245, 604, 269, 636
1643, 271, 604, 295, 636
1644, 297, 604, 321, 636
1645, 323, 604, 347, 636
1646, 349, 604, 373, 636
1647, 375, 604, 399, 636
1648, 401, 604, 425, 636
1649, 427, 604, 451, 636
1650, 245, 604, 269, 636, 180
1651, 271, 604, 295, 636, 180
1652, 297, 604, 321, 636, 180
1653, 323, 604, 347, 636, 180
1654, 349, 604, 373, 636, 180
1655, 375, 604, 399, 636, 180
1656, 401, 604, 425, 636, 180
1657, 427, 604, 451, 636, 180
//Slide
1658, 105, 604, 121, 636
1659, 105, 604, 121, 636, 180
//Attack
1668, 375, 570, 399, 602
1669, 375, 570, 399, 602, 180, -8
1670, 357, 570, 373, 602
1671, 401, 570, 417, 602
//Statue
1678, 419, 570, 435, 602
///////////////////////////
//Hammer Mario//
//////////////////////////
//Idle
1701, 1, 656, 17, 688
1702, 1, 656, 17, 688, 180
//Walking
1703, 1, 656, 17, 688
1704, 19, 656, 35, 688
1705, 37, 656, 53, 688
1706, 1, 656, 17, 688, 180
1707, 19, 656, 35, 688, 180
1708, 37, 656, 53, 688, 180
//Running
1709, 91, 656, 115, 688
1710, 117, 656, 141, 688
1711, 143, 656, 167, 688
1712, 91, 656, 115, 688, 180, -7
1713, 117, 656, 141, 688, 180, -7
1714, 143, 656, 167, 688, 180, -7
//Jumping
1715, 73, 656, 89, 688
1716, 169, 656, 193, 688
1717, 73, 656, 89, 688, 180
1718, 169, 656, 193, 688, 180, -7
//Break
1719, 195, 656, 211, 688
1720, 195, 656, 211, 688, 180
//Duck
1721, 55, 664, 71, 688
1722, 55, 664, 71, 688, 180
//Transport
1723, 213, 656, 229, 688
//Hold
1724, 249, 656, 265, 688
1725, 267, 656, 283, 688
1726, 285, 656, 301, 688
1727, 249, 656, 265, 688, 180
1728, 267, 656, 283, 688, 180
1729, 285, 656, 301, 688, 180
//Kick
1730, 303, 656, 327, 688, 0, -7
1731, 303, 656, 327, 688, 180
//Swim
1732, 347, 656, 371, 688
1733, 373, 656, 397, 688
1734, 399, 656, 423, 688
1735, 425, 656, 449, 688
1736, 347, 656, 371, 688, 180
1737, 373, 656, 397, 688, 180
1738, 399, 656, 423, 688, 180
1739, 425, 656, 449, 688, 180
1740, 451, 656, 467, 688
1741, 451, 656, 467, 688, 180
//Barrel Roll
1742, 1, 690, 25, 722
1743, 27, 690, 51, 722
1744, 53, 690, 77, 722
1745, 79, 690, 103, 722
1746, 105, 690, 129, 722
1747, 131, 690, 155, 722
1748, 157, 690, 181, 722
1749, 183, 690, 207, 722
1750, 1, 690, 25, 722, 180
1751, 27, 690, 51, 722, 180
1752, 53, 690, 77, 722, 180
1753, 79, 690, 103, 722, 180
1754, 105, 690, 129, 722, 180
1755, 131, 690, 155, 722, 180
1756, 157, 690, 181, 722, 180
1757, 183, 690, 207, 722, 180
//Slide
1758, 329, 656, 345, 688
1759, 329, 656, 345, 688, 180
//Attack
1768, 209, 690, 225, 722
1769, 227, 690, 243, 722
1770, 209, 690, 225, 722, 180
1771, 227, 690, 243, 722, 180
////////////////////
//Big Luigi//
////////////////////
//Idle
2201, 1, 174, 17, 206
2202, 1, 174, 17, 206, 180
//Walking
2203, 1, 174, 17, 206
2204, 19, 174, 35, 206
2205, 37, 174, 53, 206
2206, 1, 174, 17, 206, 180
2207, 19, 174, 35, 206, 180
2208, 37, 174, 53, 206, 180
//Running
2209, 91, 174, 115, 206
2210, 117, 174, 141, 206
2211, 143, 174, 167, 206
2212, 91, 174, 115, 206, 180, -7
2213, 117, 174, 141, 206, 180, -7
2214, 143, 174, 167, 206, 180, -7
//Jumping
2215, 73, 174, 89, 206
2216, 169, 174, 193, 206
2217, 73, 174, 89, 206, 180
2218, 169, 174, 193, 206, 180, -7
//Break
2219, 195, 174, 211, 206
2220, 195, 174, 211, 206, 180
//Duck
2221, 55, 96, 71, 206
2222, 55, 96, 71, 206, 180
//Transport
2223, 213, 174, 229, 206
//Hold
2224, 249, 174, 265, 206
2225, 267, 174, 283, 206
2226, 285, 174, 301, 206
2227, 249, 174, 265, 206, 180
2228, 267, 174, 283, 206, 180
2229, 285, 174, 301, 206, 180
//Kick
2230, 303, 174, 327, 206, 0, -7
2231, 303, 174, 327, 206, 180
////////////////////////
//World Map//
///////////////////////
//Icon
3001, 469, 881, 477, 897
/*Small Mario*/
3100, 1, 881,17, 897
//Front
3101, 1, 881,17, 897
3102, 1, 881, 17, 897, 180
//Left
3103, 415, 863, 431, 879
//Right
3104, 415, 863, 431, 879, 180
//Back
3105, 451, 863, 467, 879
/*Big Mario*/
3200, 91, 873, 107, 897, 0, 0, -4
//Animation
3201, 91, 873, 107, 897, 0, 0, -8
3202, 91, 873, 107, 897, 180, 0, -8
/*Fire Mario*/
3300, 127, 873, 143, 897, 0, 0, -4
//Animation
3301, 127, 873, 143, 897, 0, 0, -8
3302, 127, 873, 143, 897, 180, 0, -8
/*Raccoon Mario*/
3400, 145, 873, 161, 897, 0, 0, -4
//Animation
3401, 145, 873, 161, 897, 0, 0, -8
3402, 145, 873, 161, 897, 180, 0, -8
/*Frog Mario*/
3500, 271, 873, 287, 897, 0, 0, -4
//Animation
3501, 271, 873, 287, 897, 0, 0, -8
3502, 289, 873, 305, 897, 0, 0, -8
/*Tanuki Mario*/
3600, 325, 873, 341, 897, 0, 0, -4
//Animation
3601, 325, 873, 341, 897, 0, 0, -8
3602, 343, 873, 359, 897, 0, 0, -8
/*Hammer Mario*/
3700, 379, 873, 395, 897, 0, 0, -4
//Animation
3701, 379, 873, 395, 897, 0, 0, -8
3702, 379, 873, 395, 897, 180, 0, -8