[BLOCK]
/*Green Pipe*/
266, 267, 285, 286
/*Ground Strip*/
12, 13, 14, 31, 32, 33
/*Block Strip*/
151
/*Block Cloud*/
275
/*Block Question Hit*/
255
/*Platform*/
3, 4, 5, 19, 20, 21, 60, 61, 62, 76, 77, 78, 117, 118, 119, 133, 134, 135
[ACTIVE BLOCK]
/*Shiny Brick*/
91
/*Question Block*/
251
/*P-Block*/
110
[START]
3, 25
[GATE]
3, 142, 6, 4, 9, 2, 2
2, -1, -1, 0, 0, 0, 0
[COLOR]
156, 252, 240
[CAMERA MODE]
1
/*Begin Partition*/
//Partition 0 ----------------------
[CELL]
0, 0, 13, 24, 26
[PLATFORM]
15,23,17,23
17,21,19,21
[GROUP]
22,23,23,25
0,26,38,26, 0, 1
[ENEMY]
14, 25, 100000, 0
22, 23, 700000, 0
[ITEM]
15, 19, 2000000
11, 22, 5000000
[END]
//Partition 1 ----------------------
[CELL]
1, 25, 13, 49, 26
[PLATFORM]
25, 23, 29, 23
29, 21, 32, 21
32, 24, 37, 24
32, 19, 35, 19
[GROUP]
0,26,38,26, 1, 0
39,25,67,26, 1, 2
[ENEMY]
33, 25, 100000, 0
36, 23, 400000, 0
[ITEM]
41, 24, 2000000
[END]
//Partition 2 ----------------------
[CELL]
2, 50, 13, 67, 26
[GROUP]
39,25,67,26, 2, 1
[ENEMY]
52, 24, 100000, 0
55, 24, 100000, 0
59, 24, 200000, 1
[END]
//Partition 3 ----------------------
[CELL]
3, 68, 13, 93, 26
[PLATFORM]
79, 24, 85, 24
81, 22, 87, 22
83, 20, 89, 20
[GROUP]
72,26,93,26
[ENEMY]
83, 19, 300000, 1
86, 19, 300000, 1
89, 19, 300000, 1
92, 25, 300000, 0
[ITEM]
92, 23, 2000000
[END]
//Partition 4 ----------------------
[CELL]
4, 94, 13, 117, 26
[GROUP]
96,26,100,26
94,21,95,21
99,24,100,25
104,24,105,25
112,24,113,25
116,23,117,25
104,26,139,26, 4, 5
[ENEMY]
112, 24, 500000, 0
116, 23, 600000, 0
[END]
//Partition 5 ----------------------
[CELL]
5, 118, 13, 139, 26
[GROUP]
104,26,139,26, 5, 4
[PLATFORM]
134, 23, 136, 23
136, 17, 138, 17
[ENEMY]
131, 23, 400000, 0
[P-BLOCK]
124, 23
125, 23
126, 23
123, 24
124, 24
125, 24
126, 24
127, 24
131, 24
122, 25
123, 25
124, 25
125, 25
126, 25
127, 25
128, 25
131, 25
132, 25
[END]
//Partition 6 ----------------------
[CELL]
6, 140, 13, 175, 26
[GROUP]
141,23,142,25
145,24,146,25
141,26,175,26
141,7,142,19, 6, 7
[END]
//Partition 7 ----------------------
[CELL]
7, 140, 0, 175, 12
[GROUP]
141,7,142,19, 7, 6
[END]
//Partition 8 ----------------------
[CELL]
8, 118, 0, 139, 12
[END]
//Partition 9 ----------------------
[CELL]
9, 94, 0, 117, 12
[GROUP]
93,11,105,11, 9, 10
[END]
//Partition 10 ---------------------
[CELL]
10, 68, 0, 93, 12
[PLATFORM]
82, 9, 85, 9
[GROUP]
88,12,91,12
93,11,105,11, 10, 9
[ITEM]
90, 8, 1100000
[END]
//Partition 11 ---------------------
[CELL]
11, 50, 0, 67, 12
[END]
//Partition 12 ---------------------
[CELL]
12, 25, 0, 49, 12
[END]
//Partition 13 ---------------------
[CELL]
13, 0, 0, 24, 12
[END]