[BLOCK]
/*Green Pipe*/
266, 267, 285, 286
/*Green Block*/
50, 51, 52, 69, 70, 71
/*Block Strip*/
151, 205, 206, 207, 224, 225, 226, 335, 336, 337
/*Block Question Hit*/
255
[ACTIVE BLOCK]
/*Shiny Brick*/
91
/*Question Block*/
251
[GROUP]
0, 7, 9, 11
121, 6, 122, 9
120, 10, 127, 11
123, 8, 125, 9
127, 0, 127, 9
[GROUP_MOVING]
7, 3, 9, 3
23, 5, 25, 5
37, 4, 39, 4
35, 7, 37, 7
39, 10, 41, 10
48, 6, 50, 6
68, 9, 70, 9
75, 5, 77, 5
88, 6, 90, 6
86, 7, 88 ,7
97, 4, 99, 4
111, 6, 113, 6
109, 9, 111, 9
112, 11, 114, 11
[ENEMY]
117, 7, 400000, 1
[ITEM]
40, 3, 1100000
60, 7, 2000000
77, 3, 1100000
[GATE]
2, -1, -1, 0, 0, 0, 0
5, 122, 5, 6, 9, 8, 3
[START]
2, 6
[COLOR]
156, 252, 240
[CAMERA MODE]
2